([
  [
    [0.79, 0.29, 0.22],
    [0.38, 0.71, 0.42],
    [0.24, 0.26, 0.45],
    [0.92, 0.99, 0.49],
    [0.48, 0.79, 0.93],
    [0.73, 0.38, 0.45],
    [0.24, 0.21, 0.21],
    [0.48, 0.52, 0.52],
    [1.0, 0.99, 1.0],
  ],
  [
    [0.36, 0.19, 0.17],
    [0.62, 0.5, 0.44],
    [0.26, 0.37, 0.49],
    [0.35, 0.32, 0.2],
    [0.64, 0.49, 0.63],
    [0.3, 0.89, 0.93],
  ],
  [
    [0.6, 0.32, 0.17],
    [0.07, 0.24, 0.5],
    [0.69, 0.35, 0.36],
    [0.29, 0.09, 0.2],
    [0.73, 0.85, 0.5],
    [0.91, 0.54, 0.33],
  ],
  [
    [0.06, 0.09, 0.29],
    [0.19, 0.45, 0.33],
    [0.52, 0.08, 0.09],
    [1.0, 0.9, 0.57],
    [0.7, 0.16, 0.26],
    [0.14, 0.32, 0.55],
  ],
  [
    [1.0, 1.0, 1.0],
    [0.68, 0.69, 0.67],
    [0.68, 0.65, 0.73],
    [0.42, 0.4, 0.46],
    [0.2, 0.19, 0.23],
    [0.04, 0.04, 0.07],
  ]
])